3
10 inputs/process_1
42 inputs/process_2
99 inputs/process_3

10 0000000001000000
10 0000000010000000
10 0000000011000000
10 0000000100000000
10 0000000101000000
10 0000000001000000
10 0000000010000000
10 0000000011000000
10 0000000110000000
10 0000000001000000
10 0000000010000000
10 0000000011000000
10 0000000100000000
10 0000000101000000
10 0000000110000000
42 0000000001000000
42 0000000010000000
42 0000000011000000
42 0000000100000000
42 0000000101000000
42 0000000001000000
42 0000000010000000
42 0000000011000000
42 0000000110000000
42 0000000001000000
42 0000000010000000
42 0000000011000000
42 0000000100000000
42 0000000101000000
42 0000000110000000
99 0000000001000000
99 0000000010000000
99 0000000011000000
99 0000000100000000
99 0000000101000000
99 0000000001000000
99 0000000010000000
99 0000000011000000
99 0000000110000000
99 0000000001000000
99 0000000010000000
99 0000000011000000
99 0000000100000000
99 0000000101000000
99 0000000110000000