2
1 inputs/process_1
2 inputs/process_2

1 0000000101111111
1 0000000100111111
1 0000000011111111
1 0000000010111111
1 0000000001111111
1 0000000000111111
1 0000000101111111
1 0000000011111111
1 0000000001111111
1 0000000000111111
1 0000000100111111
1 0000000100111111
1 0000000010111111
1 0000000010111111
1 0000000000111111
1 0000000000111111
1 0000000001111111
1 0000000001111111
1 0000000010111111
1 0000000011111111
1 0000000100111111
1 0000000101111111
1 0000000011111111
1 0000000000111111
2 0000000001111111
2 0000000000111111
2 0000000010111111
2 0000000000111111
2 0000000011111111
2 0000000000111111
2 0000000100111111
2 0000000000111111
2 0000000101111111
2 0000000000111111
2 0000000110111111
2 0000000000111111
2 0000000111111111
2 0000000000111111
2 0000001000111111
2 0000000000111111
2 0000001001111111
2 0000000000111111
2 0000001010111111
2 0000000000111111
2 0000001011111111
2 0000000000111111
2 0000001100111111
2 0000000000111111
2 0000001101111111
2 0000000000111111
2 0000001110111111
2 0000000000111111
2 0000001111111111
2 0000000000111111
2 0000010000111111
2 0000000000111111
2 0000010001111111
2 0000000000111111
2 0000010010111111
2 0000000000111111
2 0000010011111111
2 0000000000111111
2 0000010100111111
2 0000000000111111
1 0000000101111111
1 0000000100111111
1 0000000011111111
1 0000000010111111
1 0000000001111111
1 0000000000111111
1 0000000101111111
1 0000000011111111
1 0000000001111111
1 0000000000111111
1 0000000100111111
1 0000000100111111
1 0000000010111111
1 0000000010111111
1 0000000000111111
1 0000000000111111
1 0000000001111111
1 0000000001111111
1 0000000010111111
1 0000000011111111
1 0000000100111111
1 0000000101111111
1 0000000011111111
1 0000000000111111
2 0000000001111111
2 0000000000111111
2 0000000010111111
2 0000000000111111
2 0000000011111111
2 0000000000111111
2 0000000100111111
2 0000000000111111
2 0000000101111111
2 0000000000111111
2 0000000110111111
2 0000000000111111
2 0000000111111111
2 0000000000111111
2 0000001000111111
2 0000000000111111
2 0000001001111111
2 0000000000111111
2 0000001010111111
2 0000000000111111
2 0000001011111111
2 0000000000111111
2 0000001100111111
2 0000000000111111
2 0000001101111111
2 0000000000111111
2 0000001110111111
2 0000000000111111
2 0000001111111111
2 0000000000111111
2 0000010000111111
2 0000000000111111
2 0000010001111111
2 0000000000111111
2 0000010010111111
2 0000000000111111
2 0000010011111111
2 0000000000111111
2 0000010100111111
2 0000000000111111
1 0000000101111111
1 0000000100111111
1 0000000011111111
1 0000000010111111
1 0000000001111111
1 0000000000111111
1 0000000101111111
1 0000000011111111
1 0000000001111111
1 0000000000111111
1 0000000100111111
1 0000000100111111
1 0000000010111111
1 0000000010111111
1 0000000000111111
1 0000000000111111
1 0000000001111111
1 0000000001111111
1 0000000010111111
1 0000000011111111
1 0000000100111111
1 0000000101111111
1 0000000011111111
1 0000000000111111
2 0000000001111111
2 0000000000111111
2 0000000010111111
2 0000000000111111
2 0000000011111111
2 0000000000111111
2 0000000100111111
2 0000000000111111
2 0000000101111111
2 0000000000111111
2 0000000110111111
2 0000000000111111
2 0000000111111111
2 0000000000111111
2 0000001000111111
2 0000000000111111
2 0000001001111111
2 0000000000111111
2 0000001010111111
2 0000000000111111
2 0000001011111111
2 0000000000111111
2 0000001100111111
2 0000000000111111
2 0000001101111111
2 0000000000111111
2 0000001110111111
2 0000000000111111
2 0000001111111111
2 0000000000111111
2 0000010000111111
2 0000000000111111
2 0000010001111111
2 0000000000111111
2 0000010010111111
2 0000000000111111
2 0000010011111111
2 0000000000111111
2 0000010100111111
2 0000000000111111
